hd_km2_120_ascii_3.asc
ncols         452
nrows         378
xllcorner     -102.09492878559
yllcorner     33.379306963089
cellsize      0.0012140224170323
NODATA_value  -9999
[rows 300 to 329 of 378, columns 67 to 133 of 452]
0.3859988 0.3859988 0.3859988 0.3859988 15.05741 15.05741 15.05741 15.05741 15.05741 15.05741 15.05741 15.05741 1.916195 1.916195 1.916195 1.916195 1.916195 1.916195 1.916195 24.34891 24.34891 24.34891 24.34891 24.34891 24.34891 13.12856 13.12856 13.12856 13.12856 13.12856 13.12856 13.12856 13.12856 0.8685187 0.8685187 0.8685187 0.8685187 0.8685187 0.8685187 0.8685187 0.8685187 0.8685187 0.8685187 0.8685187 0.8685187 0.8685187 0.8685187 1076.741 1076.741 197.3793 197.3793 197.3793 197.3793 197.3793 197.3793 197.3793 197.3793 197.3793 197.3793 197.3793 197.3793 0 0 0 0 0 0
0.3859988 0.3859988 0.3859988 0.3859988 15.05741 15.05741 15.05741 15.05741 15.05741 15.05741 15.05741 15.05741 15.05741 1.916195 1.916195 1.916195 1.916195 1.916195 24.34891 24.34891 24.34891 24.34891 24.34891 24.34891 24.34891 13.12856 13.12856 13.12856 13.12856 13.12856 13.12856 13.12856 13.12856 0.8685187 0.8685187 0.8685187 0.8685187 0.8685187 0.8685187 0.8685187 0.8685187 0.8685187 0.8685187 0.8685187 0.8685187 0.8685187 0.8685187 1076.741 1076.741 197.3793 197.3793 197.3793 197.3793 197.3793 197.3793 197.3793 197.3793 197.3793 197.3793 197.3793 197.3793 172.186 172.186 172.186 172.186 172.186 172.186
0.3859988 0.3859988 0.3859988 0.3859988 15.05741 15.05741 15.05741 15.05741 15.05741 15.05741 15.05741 15.05741 15.05741 1.916195 1.916195 1.916195 1.916195 1.916195 24.34891 24.34891 24.34891 24.34891 24.34891 24.34891 24.34891 13.12856 13.12856 13.12856 13.12856 13.12856 13.12856 13.12856 13.12856 0.8685187 0.8685187 0.8685187 0.8685187 0.8685187 0.8685187 0.8685187 0.8685187 0.8685187 0.8685187 0.8685187 0.8685187 0.8685187 0.8685187 1076.741 1076.741 197.3793 197.3793 197.3793 197.3793 197.3793 197.3793 197.3793 197.3793 197.3793 197.3793 197.3793 197.3793 172.186 172.186 172.186 172.186 172.186 172.186
0.3859988 0.3859988 0.3859988 0.3859988 15.05741 15.05741 15.05741 15.05741 15.05741 15.05741 15.05741 15.05741 1.916195 1.916195 1.916195 1.916195 1.916195 1.916195 24.34891 24.34891 24.34891 24.34891 24.34891 24.34891 24.34891 13.12856 13.12856 13.12856 13.12856 13.12856 13.12856 13.12856 13.12856 0.8685187 0.8685187 0.8685187 0.8685187 0.8685187 0.8685187 0.8685187 0.8685187 0.8685187 0.8685187 0.8685187 0.8685187 0.8685187 0.8685187 0 197.3793 197.3793 197.3793 197.3793 197.3793 197.3793 197.3793 197.3793 197.3793 197.3793 197.3793 197.3793 197.3793 197.3793 172.186 172.186 172.186 172.186 172.186
0.3859988 0.3859988 0.3859988 0.3859988 606.4141 606.4141 534.6976 534.6976 399.5107 399.5107 399.5107 65.35781 65.35781 65.35781 65.35781 65.35781 65.35781 65.35781 24.34891 24.34891 24.34891 24.34891 24.34891 24.34891 24.34891 13.12856 13.12856 13.12856 13.12856 13.12856 13.12856 13.12856 13.12856 0.8685187 0.8685187 0.8685187 0.8685187 0.8685187 0.8685187 0.8685187 0.8685187 0.8685187 0.8685187 0.8685187 0.8685187 0.8685187 0.8685187 0 197.3793 197.3793 197.3793 197.3793 197.3793 197.3793 197.3793 197.3793 197.3793 197.3793 197.3793 197.3793 197.3793 197.3793 172.186 172.186 172.186 0 0
0.3859988 0.3859988 0.3859988 0.3859988 606.4141 606.4141 757.5528 757.5528 473.1329 473.1329 473.1329 65.35781 65.35781 65.35781 65.35781 65.35781 65.35781 65.35781 24.34891 24.34891 24.34891 24.34891 24.34891 24.34891 24.34891 13.12856 13.12856 13.12856 13.12856 13.12856 13.12856 13.12856 13.12856 0.8685187 0.8685187 0.8685187 0.8685187 0.8685187 0.8685187 0.8685187 0.8685187 0.8685187 0.8685187 0.8685187 0.8685187 0.8685187 0.8685187 0 197.3793 197.3793 197.3793 197.3793 197.3793 197.3793 197.3793 197.3793 197.3793 197.3793 197.3793 197.3793 197.3793 197.3793 0 0 0 0 0
0.3859988 0.3859988 0.3859988 0.3859988 606.4141 606.4141 757.5528 757.5528 473.1329 473.1329 473.1329 65.35781 65.35781 65.35781 65.35781 65.35781 65.35781 65.35781 24.34891 24.34891 24.34891 24.34891 24.34891 24.34891 24.34891 13.12856 13.12856 13.12856 13.12856 13.12856 13.12856 13.12856 13.12856 0.8685187 0.8685187 0.8685187 0.8685187 0.8685187 0.8685187 0.8685187 0.8685187 0.8685187 0.8685187 0.8685187 0.8685187 0.8685187 0.8685187 0 197.3793 197.3793 197.3793 197.3793 197.3793 197.3793 197.3793 197.3793 197.3793 197.3793 197.3793 197.3793 197.3793 197.3793 0 0 0 0 0
0.3859988 0.3859988 0.3859988 0.3859988 597.6837 597.6837 757.5528 757.5528 473.1329 473.1329 473.1329 65.35781 65.35781 65.35781 65.35781 65.35781 65.35781 65.35781 24.34891 24.34891 24.34891 24.34891 24.34891 24.34891 24.34891 13.12856 13.12856 13.12856 13.12856 13.12856 13.12856 13.12856 13.12856 0.8685187 0.8685187 0.8685187 0.8685187 0.8685187 0.8685187 0.8685187 0.8685187 0.8685187 0.8685187 0.8685187 0.8685187 0.8685187 0.8685187 197.3793 197.3793 197.3793 197.3793 197.3793 197.3793 197.3793 197.3793 197.3793 197.3793 197.3793 197.3793 197.3793 197.3793 197.3793 0 0 0 0 0
0.3859988 0.3859988 0.3859988 0.3859988 597.6837 597.6837 445.4664 445.4664 445.4664 302.3777 302.3777 65.35781 65.35781 65.35781 65.35781 65.35781 65.35781 65.35781 24.34891 24.34891 24.34891 24.34891 24.34891 24.34891 24.34891 24.34891 13.12856 13.12856 13.12856 13.12856 13.12856 13.12856 13.12856 0.8685187 0.8685187 0.8685187 0.8685187 0.8685187 0.8685187 0.8685187 0.8685187 0.8685187 0.8685187 0.8685187 0.8685187 0.8685187 0.8685187 1154.896 1154.896 197.3793 197.3793 197.3793 197.3793 197.3793 197.3793 197.3793 197.3793 197.3793 197.3793 197.3793 197.3793 197.3793 0 0 0 0 0
0.3859988 0.3859988 0.3859988 0.3859988 597.6837 597.6837 445.4664 445.4664 445.4664 302.3777 302.3777 65.35781 65.35781 65.35781 65.35781 65.35781 65.35781 65.35781 24.34891 24.34891 24.34891 24.34891 24.34891 24.34891 24.34891 24.34891 13.12856 13.12856 13.12856 13.12856 13.12856 13.12856 13.12856 0.8685187 0.8685187 0.8685187 0.8685187 0.8685187 0.8685187 0.8685187 0.8685187 0.8685187 0.8685187 0.8685187 0.8685187 0.8685187 0.8685187 1154.896 1154.896 1154.896 197.3793 197.3793 197.3793 197.3793 197.3793 197.3793 197.3793 197.3793 197.3793 197.3793 197.3793 197.3793 0 0 0 0 0
0.3859988 125.4771 125.4771 125.4771 0 0 0 0 0 0 0 0 0 0 0 0 0 0 22.37258 22.37258 22.37258 22.37258 22.37258 22.37258 22.37258 22.37258 22.37258 22.37258 22.37258 22.37258 13.12856 13.12856 13.12856 0.8685187 0.8685187 0.8685187 0.8685187 0.8685187 0 0 0 0 0 0 0 0 0 0 0 0 0 0 0 0 0 0 0 0 0 0 0 0 1822.431 1822.431 1822.431 247.4257 247.4257
125.4771 125.4771 125.4771 125.4771 0 0 0 0 0 0 0 0 0 0 0 0 0 0 22.37258 22.37258 22.37258 22.37258 22.37258 22.37258 22.37258 22.37258 22.37258 22.37258 22.37258 22.37258 22.37258 22.37258 22.37258 0 0 0 0 0 0 0 0 0 0 0 0 0 0 0 0 0 0 0 0 0 0 0 0 0 0 0 0 0 1828.188 1828.188 1828.188 247.4257 247.4257
125.4771 125.4771 125.4771 125.4771 0 0 0 0 0 0 0 0 0 0 0 0 0 0 22.37258 22.37258 22.37258 22.37258 22.37258 22.37258 22.37258 22.37258 22.37258 22.37258 22.37258 22.37258 22.37258 22.37258 22.37258 0 0 0 0 0 0 0 0 0 0 0 0 0 0 0 0 0 0 0 0 0 0 0 0 0 0 0 0 0 1589.39 1589.39 1589.39 247.4257 247.4257
125.4771 125.4771 125.4771 125.4771 0 0 0 0 0 0 0 0 0 0 0 0 0 0 22.37258 22.37258 22.37258 22.37258 22.37258 22.37258 22.37258 22.37258 22.37258 22.37258 22.37258 22.37258 22.37258 22.37258 22.37258 0 0 0 0 0 0 0 0 0 0 0 0 0 0 0 0 0 0 0 0 0 0 0 0 0 0 0 0 247.4257 247.4257 247.4257 247.4257 247.4257 247.4257
125.4771 125.4771 125.4771 125.4771 0 0 0 0 0 0 0 0 0 0 0 0 0 0 22.37258 22.37258 22.37258 22.37258 22.37258 22.37258 22.37258 22.37258 22.37258 22.37258 22.37258 22.37258 22.37258 22.37258 0 0 0 0 0 0 0 0 0 0 0 0 0 0 0 0 0 0 0 0 0 0 0 0 0 0 0 0 0 247.4257 247.4257 247.4257 247.4257 247.4257 247.4257
125.4771 125.4771 125.4771 125.4771 125.4771 0 0 0 0 0 0 0 0 0 0 0 0 0 22.37258 22.37258 22.37258 22.37258 22.37258 22.37258 22.37258 22.37258 22.37258 22.37258 22.37258 22.37258 22.37258 22.37258 0 0 0 0 0 0 0 0 0 0 0 0 0 0 0 0 0 0 0 0 0 0 0 0 0 0 0 0 0 247.4257 247.4257 247.4257 247.4257 247.4257 247.4257
125.4771 125.4771 125.4771 125.4771 125.4771 0 0 0 0 0 0 0 0 0 0 0 0 0 22.37258 22.37258 22.37258 22.37258 22.37258 22.37258 22.37258 22.37258 22.37258 22.37258 22.37258 22.37258 22.37258 22.37258 0 0 0 0 0 0 0 0 0 0 0 0 0 0 0 0 0 0 0 0 0 0 0 0 0 0 0 0 0 247.4257 247.4257 247.4257 247.4257 247.4257 247.4257
125.4771 125.4771 125.4771 125.4771 125.4771 0 0 0 0 0 0 0 0 0 0 0 0 0 22.37258 22.37258 22.37258 22.37258 22.37258 22.37258 22.37258 22.37258 22.37258 22.37258 22.37258 22.37258 22.37258 22.37258 0 0 0 0 0 0 0 0 0 0 0 0 0 0 0 0 0 0 0 0 0 0 0 0 0 0 0 0 0 247.4257 247.4257 247.4257 247.4257 462.8942 462.8942
70.1867 125.4771 125.4771 125.4771 125.4771 0 0 0 0 0 0 0 0 0 0 0 0 0 22.37258 22.37258 22.37258 22.37258 22.37258 22.37258 22.37258 22.37258 22.37258 22.37258 22.37258 22.37258 22.37258 22.37258 0 0 0 0 0 0 0 0 0 0 0 0 0 0 0 0 0 0 0 0 0 0 0 0 0 0 0 0 0 637.076 637.076 637.076 637.076 462.8942 462.8942
125.4771 125.4771 125.4771 125.4771 125.4771 0 0 0 0 0 0 0 0 0 0 0 0 0 22.37258 22.37258 22.37258 22.37258 22.37258 22.37258 22.37258 22.37258 22.37258 22.37258 22.37258 22.37258 22.37258 22.37258 0 0 0 0 0 0 0 0 0 0 0 0 0 0 0 0 0 0 0 0 0 0 0 0 0 0 0 0 0 637.076 637.076 637.076 502.4048 502.4048 462.8942
125.4771 125.4771 125.4771 125.4771 0 0 0 0 0 0 0 0 0 0 0 0 0 0 22.37258 22.37258 22.37258 22.37258 22.37258 22.37258 22.37258 22.37258 22.37258 22.37258 22.37258 22.37258 22.37258 22.37258 0 0 0 0 0 0 0 0 0 0 0 0 0 0 0 0 0 0 0 0 0 0 0 0 0 0 0 0 0 0 0 384.7933 384.7933 384.7933 384.7933
125.4771 125.4771 125.4771 144.8418 0 0 0 0 0 0 0 0 0 0 0 0 0 0 0 22.37258 22.37258 22.37258 22.37258 22.37258 22.37258 22.37258 22.37258 22.37258 22.37258 22.37258 22.37258 22.37258 0 0 0 0 0 0 0 0 0 0 0 0 0 0 0 0 0 0 0 0 0 0 0 0 0 0 0 0 0 0 0 384.7933 384.7933 384.7933 384.7933
13.24329 13.24329 13.24329 13.24329 13.24329 13.24329 13.24329 13.24329 13.24329 13.24329 13.24329 13.24329 380.0049 380.0049 0 71.55766 71.55766 71.55766 71.55766 22.37258 71.55766 71.55766 71.55766 71.55766 71.55766 71.55766 71.55766 71.55766 27.6937 27.6937 27.6937 27.6937 27.6937 27.6937 27.6937 27.6937 27.6937 27.6937 27.6937 7.23924 7.23924 7.23924 7.23924 7.23924 7.23924 7.23924 7.23924 7.23924 7.23924 7.23924 7.23924 7.23924 157.5047 157.5047 157.5047 157.5047 0 157.5047 157.5047 157.5047 157.5047 157.5047 157.5047 157.5047 157.5047 157.5047 157.5047
13.24329 13.24329 13.24329 13.24329 13.24329 13.24329 13.24329 13.24329 13.24329 13.24329 13.24329 13.24329 380.0049 380.0049 71.55766 71.55766 71.55766 71.55766 71.55766 71.55766 71.55766 71.55766 71.55766 71.55766 71.55766 71.55766 71.55766 71.55766 27.6937 27.6937 27.6937 27.6937 27.6937 27.6937 27.6937 27.6937 27.6937 27.6937 7.23924 7.23924 7.23924 7.23924 7.23924 7.23924 7.23924 7.23924 7.23924 7.23924 7.23924 7.23924 7.23924 7.23924 157.5047 157.5047 157.5047 157.5047 157.5047 157.5047 157.5047 157.5047 157.5047 157.5047 157.5047 157.5047 157.5047 157.5047 157.5047
13.24329 13.24329 13.24329 13.24329 13.24329 13.24329 13.24329 13.24329 13.24329 13.24329 13.24329 13.24329 380.0049 380.0049 71.55766 71.55766 71.55766 71.55766 71.55766 71.55766 71.55766 71.55766 71.55766 71.55766 71.55766 71.55766 71.55766 71.55766 27.6937 27.6937 27.6937 27.6937 27.6937 27.6937 27.6937 27.6937 27.6937 27.6937 7.23924 7.23924 7.23924 7.23924 7.23924 7.23924 7.23924 7.23924 7.23924 7.23924 7.23924 7.23924 7.23924 7.23924 157.5047 157.5047 157.5047 157.5047 157.5047 157.5047 157.5047 157.5047 157.5047 157.5047 157.5047 157.5047 157.5047 157.5047 157.5047
13.24329 13.24329 13.24329 13.24329 13.24329 13.24329 13.24329 13.24329 13.24329 13.24329 13.24329 13.24329 71.55766 71.55766 71.55766 71.55766 71.55766 71.55766 71.55766 71.55766 71.55766 71.55766 71.55766 71.55766 71.55766 71.55766 71.55766 71.55766 27.6937 27.6937 27.6937 27.6937 27.6937 27.6937 27.6937 27.6937 27.6937 27.6937 7.23924 7.23924 7.23924 7.23924 7.23924 7.23924 6.172509 6.172509 6.172509 6.172509 6.172509 6.172509 6.172509 6.172509 6.172509 6.172509 6.172509 6.172509 6.172509 6.172509 6.172509 6.172509 6.172509 6.172509 179.6827 157.5047 157.5047 157.5047 157.5047
13.24329 13.24329 13.24329 13.24329 13.24329 13.24329 13.24329 13.24329 13.24329 13.24329 13.24329 13.24329 71.55766 71.55766 71.55766 71.55766 71.55766 71.55766 71.55766 71.55766 71.55766 71.55766 71.55766 71.55766 71.55766 71.55766 71.55766 2.729603 2.729603 2.729603 2.729603 2.729603 2.729603 2.729603 2.729603 2.729603 2.729603 2.729603 2.729603 2.729603 2.729603 6.172509 6.172509 6.172509 6.172509 6.172509 6.172509 6.172509 6.172509 6.172509 6.172509 6.172509 6.172509 6.172509 6.172509 6.172509 6.172509 6.172509 6.172509 6.172509 6.172509 6.172509 179.6827 228.1214 228.1214 125.7665 125.7665
13.24329 13.24329 13.24329 13.24329 13.24329 13.24329 13.24329 13.24329 13.24329 13.24329 13.24329 13.24329 71.55766 71.55766 71.55766 71.55766 71.55766 71.55766 71.55766 71.55766 71.55766 71.55766 71.55766 71.55766 71.55766 71.55766 71.55766 2.729603 2.729603 2.729603 2.729603 2.729603 2.729603 2.729603 2.729603 2.729603 2.729603 2.729603 2.729603 2.729603 2.729603 6.172509 6.172509 6.172509 6.172509 6.172509 6.172509 6.172509 6.172509 6.172509 6.172509 6.172509 6.172509 6.172509 6.172509 6.172509 6.172509 6.172509 6.172509 6.172509 6.172509 6.172509 255.9707 255.9707 255.9707 255.9707 308.8625
13.24329 13.24329 13.24329 13.24329 13.24329 13.24329 13.24329 13.24329 13.24329 13.24329 13.24329 13.24329 71.55766 71.55766 71.55766 71.55766 71.55766 71.55766 71.55766 71.55766 71.55766 71.55766 71.55766 71.55766 71.55766 71.55766 71.55766 2.729603 2.729603 2.729603 2.729603 2.729603 2.729603 2.729603 2.729603 2.729603 2.729603 2.729603 2.729603 2.729603 2.729603 6.172509 6.172509 6.172509 6.172509 6.172509 6.172509 6.172509 6.172509 6.172509 6.172509 6.172509 6.172509 6.172509 6.172509 6.172509 6.172509 6.172509 6.172509 6.172509 6.172509 6.172509 255.9707 255.9707 255.9707 255.9707 308.8625
13.24329 13.24329 13.24329 13.24329 13.24329 13.24329 13.24329 13.24329 13.24329 13.24329 13.24329 13.24329 71.55766 71.55766 71.55766 71.55766 71.55766 71.55766 71.55766 71.55766 71.55766 71.55766 71.55766 71.55766 71.55766 71.55766 71.55766 2.729603 2.729603 2.729603 2.729603 2.729603 2.729603 2.729603 2.729603 2.729603 2.729603 2.729603 2.729603 2.729603 2.729603 6.172509 6.172509 6.172509 6.172509 6.172509 6.172509 6.172509 6.172509 6.172509 6.172509 6.172509 6.172509 6.172509 6.172509 6.172509 6.172509 6.172509 6.172509 6.172509 6.172509 6.172509 6.172509 6.172509 6.172509 6.172509 6.172509
