hd_km2_120_ascii_3.asc
ncols         452
nrows         378
xllcorner     -102.09492878559
yllcorner     33.379306963089
cellsize      0.0012140224170323
NODATA_value  -9999
[rows 240 to 269 of 378, columns 67 to 133 of 452]
1.927242 1.927242 1.927242 1.927242 338.5021 1208.593 1208.593 1208.593 1012.792 274.4615 274.4615 274.4615 274.4615 286.9757 286.9757 32.192 32.192 274.4615 60.16173 60.16173 60.16173 60.16173 60.16173 60.16173 60.16173 60.16173 60.16173 60.16173 60.16173 60.16173 60.16173 301.2583 40.66488 65.44707 65.44707 65.44707 65.44707 65.44707 65.44707 65.44707 65.44707 65.44707 65.44707 65.44707 65.44707 65.44707 0 0 0 0 0 0 0 0 0 0 0 0 0 0 0 0 28.43642 28.43642 3015.972 3015.972 3015.972
1.927242 1.927242 1.927242 1.927242 771.574 771.574 941.1953 941.1953 941.1953 274.4615 274.4615 274.4615 274.4615 320.0478 320.0478 320.0478 320.0478 274.4615 60.16173 60.16173 60.16173 60.16173 60.16173 60.16173 60.16173 60.16173 60.16173 60.16173 60.16173 60.16173 60.16173 301.2583 40.66488 65.44707 65.44707 65.44707 65.44707 65.44707 65.44707 65.44707 65.44707 65.44707 65.44707 65.44707 65.44707 65.44707 0 0 0 0 0 0 0 0 0 0 0 0 0 0 0 0 0 0 28.43642 3015.972 3015.972
1.927242 1.927242 1.927242 1.927242 771.574 771.574 274.4615 274.4615 274.4615 274.4615 274.4615 274.4615 442.1327 442.1327 274.4615 274.4615 274.4615 274.4615 60.16173 60.16173 60.16173 60.16173 60.16173 60.16173 60.16173 60.16173 60.16173 60.16173 60.16173 60.16173 60.16173 301.2583 40.66488 65.44707 65.44707 65.44707 65.44707 65.44707 65.44707 65.44707 65.44707 65.44707 65.44707 65.44707 65.44707 65.44707 0 0 0 0 0 0 0 0 0 0 0 0 0 0 0 0 0 0 0 3015.972 3015.972
1.927242 1.927242 1.927242 1.927242 771.574 771.574 274.4615 274.4615 274.4615 274.4615 274.4615 274.4615 442.1327 442.1327 274.4615 274.4615 274.4615 274.4615 60.16173 60.16173 60.16173 60.16173 60.16173 60.16173 60.16173 60.16173 60.16173 60.16173 60.16173 60.16173 60.16173 301.2583 40.66488 65.44707 65.44707 65.44707 65.44707 65.44707 65.44707 65.44707 65.44707 65.44707 65.44707 65.44707 65.44707 65.44707 0 0 0 0 0 0 0 0 0 0 0 0 0 0 0 0 0 0 0 5483.049 5483.049
1.927242 1.927242 1.927242 1.927242 71.43375 71.43375 71.43375 71.43375 71.43375 274.4615 274.4615 274.4615 274.4615 274.4615 274.4615 274.4615 274.4615 274.4615 60.16173 60.16173 60.16173 60.16173 60.16173 60.16173 60.16173 60.16173 60.16173 60.16173 60.16173 60.16173 60.16173 301.2583 40.66488 65.44707 65.44707 65.44707 65.44707 65.44707 65.44707 65.44707 489.0548 489.0548 65.44707 65.44707 0 0 0 0 0 0 0 0 0 0 0 0 0 0 0 0 0 0 0 0 0 0 5483.049
1.927242 1.927242 1.927242 1.927242 71.43375 71.43375 71.43375 71.43375 71.43375 71.43375 274.4615 274.4615 274.4615 274.4615 274.4615 274.4615 274.4615 274.4615 60.16173 60.16173 60.16173 60.16173 60.16173 60.16173 60.16173 60.16173 60.16173 60.16173 60.16173 60.16173 60.16173 301.2583 40.66488 65.44707 65.44707 65.44707 489.0548 489.0548 489.0548 489.0548 65.44707 65.44707 65.44707 0 0 0 0 0 0 0 0 0 0 0 0 0 0 0 0 0 0 0 0 0 0 0 0
1.927242 1.927242 1.927242 1.927242 71.43375 71.43375 71.43375 71.43375 71.43375 71.43375 274.4615 274.4615 274.4615 274.4615 274.4615 274.4615 274.4615 274.4615 60.16173 60.16173 60.16173 60.16173 60.16173 60.16173 60.16173 60.16173 60.16173 60.16173 60.16173 60.16173 60.16173 23.92625 499.9279 521.6291 521.6291 584.3229 584.3229 489.0548 489.0548 65.44707 65.44707 0 0 0 0 0 0 0 0 0 0 0 0 0 0 0 0 0 0 0 0 0 0 0 0 0 0
1.927242 1.927242 1.927242 1.927242 71.43375 71.43375 71.43375 71.43375 71.43375 71.43375 274.4615 274.4615 274.4615 274.4615 274.4615 274.4615 274.4615 274.4615 60.16173 60.16173 60.16173 60.16173 60.16173 60.16173 60.16173 60.16173 23.92625 23.92625 23.92625 23.92625 23.92625 23.92625 499.9279 521.6291 584.3229 584.3229 584.3229 65.44707 65.44707 0 0 0 36.66339 36.66339 36.66339 36.66339 0 0 0 0 0 0 0 0 0 0 0 0 0 0 0 1003.662 1796.344 1792.4 2301.732 1085.11 1085.11
1.927242 1.927242 1.927242 1.927242 71.43375 71.43375 71.43375 71.43375 71.43375 71.43375 274.4615 274.4615 274.4615 274.4615 274.4615 274.4615 274.4615 274.4615 60.16173 60.16173 60.16173 60.16173 60.16173 60.16173 60.16173 60.16173 23.92625 23.92625 23.92625 23.92625 23.92625 23.92625 499.9279 145.1197 145.1197 145.1197 65.44707 65.44707 0 36.66339 36.66339 36.66339 36.66339 36.66339 36.66339 36.66339 0 0 0 0 0 0 0 0 0 0 0 0 0 0 0 2340.146 2340.146 1885.718 1885.718 1085.11 1085.11
1.927242 1.927242 1.927242 1.927242 71.43375 71.43375 71.43375 71.43375 71.43375 71.43375 274.4615 274.4615 274.4615 274.4615 274.4615 274.4615 274.4615 274.4615 60.16173 60.16173 60.16173 60.16173 60.16173 60.16173 60.16173 60.16173 60.16173 60.16173 60.16173 60.16173 60.16173 23.92625 499.9279 145.1197 65.44707 65.44707 0 36.66339 36.66339 36.66339 36.66339 36.66339 36.66339 36.66339 36.66339 36.66339 0 0 0 0 0 0 0 0 0 0 0 0 0 0 0 3420.686 3420.686 3420.686 3420.686 1085.11 1085.11
1.927242 1.927242 1.927242 1.927242 71.43375 71.43375 71.43375 71.43375 71.43375 71.43375 274.4615 274.4615 274.4615 1324.689 1324.689 1324.689 1274.898 1274.898 33.56053 33.56053 33.56053 33.56053 33.56053 33.56053 33.56053 33.56053 33.56053 33.56053 33.56053 33.56053 33.56053 0 0 0 65.44707 388.7191 388.7191 36.66339 36.66339 36.66339 36.66339 36.66339 36.66339 36.66339 36.66339 36.66339 0 0 0 0 145.47 145.47 145.47 145.47 931.8663 2897.038 2897.038 1520.539 5721.176 5721.176 5721.176 2474.325 2474.325 2474.325 0 1930.665 1930.665
85.83593 85.83593 85.83593 85.83593 0 0 0 0 0 0 0 95.08483 95.08483 1324.689 806.1005 1324.689 1274.898 1274.898 33.56053 33.56053 33.56053 33.56053 33.56053 33.56053 33.56053 33.56053 33.56053 33.56053 33.56053 33.56053 33.56053 0 0 0 388.7191 388.7191 388.7191 388.7191 88.75054 88.75054 88.75054 88.75054 88.75054 88.75054 88.75054 88.75054 145.47 145.47 145.47 145.47 145.47 145.47 145.47 145.47 931.8663 2897.038 2897.038 1520.539 1520.539 6117.061 6117.061 1979.734 1979.734 1979.734 0 2420.073 2420.073
85.83593 85.83593 85.83593 85.83593 0 0 0 0 0 0 0 95.08483 95.08483 806.1005 806.1005 180.832 1076.88 180.832 33.56053 33.56053 33.56053 33.56053 33.56053 33.56053 33.56053 33.56053 33.56053 33.56053 33.56053 33.56053 33.56053 0 388.7191 388.7191 388.7191 388.7191 513.0538 388.7191 88.75054 88.75054 88.75054 88.75054 88.75054 88.75054 88.75054 88.75054 145.47 145.47 145.47 145.47 145.47 145.47 145.47 145.47 2443.677 2443.677 2738.021 2324.675 2579.63 2579.63 6117.061 1863.916 1863.916 1863.916 0 2098.559 2098.559
16.02172 16.02172 16.02172 16.02172 0 0 0 0 0 0 0 95.08483 95.08483 246.717 180.832 180.832 180.832 180.832 33.56053 33.56053 33.56053 33.56053 33.56053 33.56053 33.56053 33.56053 33.56053 33.56053 33.56053 33.56053 33.56053 89.43024 388.7191 388.7191 388.7191 388.7191 513.0538 388.7191 388.7191 88.75054 88.75054 88.75054 88.75054 88.75054 88.75054 88.75054 145.47 145.47 145.47 145.47 145.47 145.47 145.47 145.47 2443.677 2443.677 2738.021 2535.59 1880.065 1880.065 1880.065 2137.827 2137.827 2137.827 1781.419 1781.419 1781.419
16.02172 16.02172 16.02172 16.02172 16.02172 0 0 63.57684 63.57684 0 0 180.832 263.3352 180.832 180.832 180.832 180.832 180.832 33.56053 33.56053 33.56053 33.56053 33.56053 33.56053 33.56053 33.56053 33.56053 33.56053 33.56053 89.43024 89.43024 89.43024 388.7191 388.7191 388.7191 388.7191 513.0538 513.0538 388.7191 88.75054 88.75054 88.75054 88.75054 88.75054 88.75054 88.75054 145.47 145.47 145.47 145.47 145.47 145.47 145.47 145.47 145.47 2443.677 2738.021 2535.59 1880.065 1880.065 1880.065 2209.185 2209.185 2209.185 2209.185 2033.891 2033.891
16.02172 16.02172 16.02172 1051.398 1051.398 1051.398 1051.398 1051.398 1051.398 1586.263 180.832 180.832 180.832 180.832 180.832 180.832 180.832 180.832 33.56053 33.56053 33.56053 33.56053 33.56053 33.56053 33.56053 33.56053 33.56053 89.43024 89.43024 89.43024 89.43024 89.43024 388.7191 388.7191 388.7191 388.7191 388.7191 388.7191 388.7191 88.75054 88.75054 88.75054 88.75054 88.75054 88.75054 88.75054 145.47 145.47 145.47 145.47 145.47 145.47 145.47 145.47 145.47 2349.148 3105.913 2440.94 2635.298 2635.298 1880.065 1864.404 1864.404 2221.736 2221.736 2146.601 2090.683
16.02172 16.02172 141.4568 141.4568 141.4568 180.832 180.832 180.832 180.832 180.832 180.832 180.832 180.832 180.832 180.832 180.832 180.832 180.832 33.56053 33.56053 33.56053 33.56053 33.56053 33.56053 33.56053 407.1029 407.1029 407.1029 407.1029 407.1029 407.1029 407.1029 388.7191 388.7191 388.7191 388.7191 388.7191 388.7191 388.7191 88.75054 88.75054 88.75054 88.75054 88.75054 88.75054 145.47 145.47 145.47 145.47 145.47 145.47 145.47 145.47 145.47 145.47 2736.029 2743.314 2743.314 1668.295 1668.295 2057.598 1897.19 1997.691 1997.691 2046.376 2046.376 2046.376
16.02172 16.02172 16.02172 16.02172 180.832 180.832 180.832 180.832 180.832 180.832 180.832 180.832 180.832 180.832 180.832 180.832 180.832 180.832 33.56053 33.56053 33.56053 33.56053 33.56053 0 0 0 407.1029 407.1029 786.2419 786.2419 548.6171 548.6171 388.7191 388.7191 388.7191 388.7191 388.7191 388.7191 88.75054 88.75054 88.75054 88.75054 88.75054 88.75054 88.75054 145.47 145.47 145.47 145.47 145.47 145.47 145.47 145.47 145.47 145.47 1922.021 2609.074 2609.074 2650.123 1972.842 1972.842 1897.19 1728.511 1728.511 2300.428 2300.428 2300.428
16.02172 16.02172 16.02172 16.02172 180.832 180.832 180.832 180.832 180.832 180.832 180.832 180.832 180.832 180.832 180.832 180.832 180.832 180.832 33.56053 33.56053 33.56053 33.56053 0 0 0 0 387.8828 387.8828 720.0152 720.0152 720.0152 294.1029 993.4927 993.4927 617.3839 617.3839 617.3839 617.3839 716.8915 523.8312 523.8312 480.1505 480.1505 88.75054 88.75054 145.47 145.47 145.47 145.47 145.47 145.47 2479.988 2479.988 145.47 2652.788 2652.788 2304.98 2258.401 2189.711 2189.711 2054.411 1897.19 1859.813 1859.813 2423.922 2423.922 2423.922
16.02172 16.02172 16.02172 16.02172 180.832 180.832 180.832 180.832 180.832 180.832 180.832 180.832 180.832 180.832 180.832 180.832 180.832 180.832 180.832 33.56053 0 0 0 0 0 0 387.8828 387.8828 785.156 720.0152 720.0152 294.1029 993.4927 993.4927 617.3839 617.3839 617.3839 716.8915 716.8915 523.8312 523.8312 480.1505 88.75054 88.75054 88.75054 145.47 145.47 145.47 145.47 145.47 145.47 145.47 145.47 145.47 2826.558 2826.558 3024.365 1791.203 2189.711 2054.411 2054.411 2100.725 1840.225 1840.225 2589.376 2589.376 2589.376
16.02172 16.02172 16.02172 16.02172 180.832 180.832 180.832 180.832 180.832 180.832 180.832 180.832 180.832 180.832 180.832 180.832 180.832 180.832 180.832 0 0 0 0 0 0 0 592.6715 592.6715 785.156 785.156 472.1176 472.1176 448.4963 448.4963 448.4963 448.4963 448.4963 448.4963 870.3671 523.8312 523.8312 480.1505 88.75054 88.75054 0 0 145.47 145.47 145.47 145.47 145.47 145.47 1546.615 1546.615 3024.365 3024.365 0 0 0 2559.699 2559.699 2100.725 2562.457 2562.457 1961.033 1961.033 1961.033
16.02172 16.02172 16.02172 16.02172 180.832 180.832 180.832 180.832 180.832 180.832 180.832 180.832 180.832 180.832 180.832 180.832 0 0 0 0 0 0 0 0 0 66.92309 66.92309 66.92309 66.92309 195.4106 195.4106 195.4106 448.4963 448.4963 448.4963 448.4963 448.4963 448.4963 448.4963 523.8312 523.8312 480.1505 88.75054 88.75054 88.75054 145.47 145.47 145.47 145.47 145.47 145.47 145.47 145.47 145.47 0 0 0 0 525.491 525.491 525.491 1408.688 1408.688 2233.925 2120.81 2120.81 2120.81
228.2149 228.2149 228.2149 228.2149 1.689965 1.689965 1.689965 1.689965 1.689965 1.689965 1.689965 1.689965 1.689965 1.689965 0 0 0 8.928555 8.928555 371.8469 371.8469 371.8469 0 0 0 66.92309 66.92309 66.92309 66.92309 195.4106 195.4106 195.4106 448.4963 0 0 0 474.0259 474.0259 474.0259 474.0259 2180.381 2180.381 2180.381 2180.381 2180.381 2180.381 2180.381 87.88551 87.88551 87.88551 87.88551 87.88551 87.88551 87.88551 0 0 0 763.3544 763.3544 905.6214 525.491 1408.688 1992.987 2233.925 2120.81 2120.81 2120.81
228.2149 228.2149 228.2149 228.2149 1.689965 1.689965 1.689965 1.689965 1.689965 1.689965 1.689965 1.689965 1.689965 0 0 8.928555 8.928555 8.928555 8.928555 371.8469 371.8469 371.8469 371.8469 194.19 194.19 0 0 0 0 0 194.19 194.19 349.172 349.172 349.172 690.3922 1214.58 474.0259 474.0259 474.0259 2180.381 2180.381 2180.381 2180.381 2180.381 2180.381 2180.381 87.88551 87.88551 87.88551 87.88551 87.88551 87.88551 87.88551 1682.355 1682.355 1682.355 763.3544 763.3544 905.6214 905.6214 1992.987 1992.987 1992.987 2484.299 2484.299 2484.299
228.2149 228.2149 228.2149 228.2149 1.689965 1.689965 1.689965 1.689965 1.689965 1.689965 1.689965 1.689965 0 0 8.928555 8.928555 8.928555 8.928555 8.928555 371.8469 371.8469 371.8469 371.8469 194.19 194.19 0 0 0 0 0 194.19 194.19 194.19 349.172 349.172 690.3922 1150.203 474.0259 474.0259 1335.664 3174.565 3056.247 3056.247 3056.247 3056.247 2180.381 2180.381 87.88551 87.88551 87.88551 87.88551 87.88551 87.88551 87.88551 2627.2 2627.2 2627.2 2433.75 2433.75 905.6214 905.6214 2602.633 2602.633 2527.192 2527.192 2527.192 2334.908
228.2149 228.2149 228.2149 228.2149 1.689965 1.689965 1.689965 1.689965 1.689965 1.689965 1.689965 695.6448 695.6448 8.928555 8.928555 8.928555 8.928555 8.928555 8.928555 194.19 194.19 194.19 194.19 194.19 194.19 0 0 0 0 0 194.19 194.19 194.19 349.172 349.172 634.435 1150.203 1069.896 1335.664 1335.664 3174.565 3174.565 3174.565 3174.565 3174.565 3174.565 87.88551 87.88551 87.88551 87.88551 87.88551 87.88551 87.88551 87.88551 2627.2 2627.2 1984.747 2433.75 2433.75 2196.334 2196.334 3038.653 3038.653 2527.192 2527.192 2527.192 2527.192
2867.317 2261.308 2261.308 1452.083 1.689965 1.689965 1.689965 1.689965 1.689965 1215.146 1584.578 695.6448 8.928555 8.928555 8.928555 8.928555 8.928555 30.3301 194.19 194.19 194.19 194.19 194.19 194.19 194.19 194.19 194.19 194.19 194.19 0 194.19 194.19 194.19 397.5879 397.5879 397.5879 1150.203 1413.095 1335.664 1335.664 3454.165 3454.165 3699.205 3766.719 3766.719 3174.565 87.88551 87.88551 87.88551 87.88551 87.88551 87.88551 87.88551 87.88551 2082.527 2082.527 1984.747 2851.388 2851.388 2851.388 2196.334 2097.401 2626.934 2626.934 2626.934 2626.934 2626.934
2867.317 3102.888 3102.888 1452.083 1.689965 1.689965 1.689965 1.689965 199.8126 1584.578 1974.315 0 8.928555 8.928555 8.928555 8.928555 8.928555 30.3301 194.19 194.19 194.19 194.19 194.19 194.19 194.19 194.19 194.19 194.19 194.19 0 0 194.19 194.19 397.5879 397.5879 397.5879 397.5879 629.4288 1335.664 1335.664 3385.692 3376.346 3376.346 4172.336 4172.336 3068.476 87.88551 87.88551 87.88551 87.88551 87.88551 87.88551 87.88551 87.88551 2082.527 2082.527 2298.091 2851.388 2851.388 2911.352 2911.352 2097.401 2097.401 2669.29 2669.29 2669.29 0
255.7563 3144.866 255.7563 1686.568 1.689965 1.689965 213.636 199.8126 199.8126 199.8126 199.8126 47.35976 148.5817 148.5817 486.5191 486.5191 768.0884 835.6793 194.19 194.19 194.19 194.19 194.19 194.19 194.19 194.19 194.19 194.19 194.19 194.19 194.19 194.19 194.19 397.5879 397.5879 397.5879 397.5879 0 629.4288 629.4288 3385.692 3385.692 3385.692 4056.303 3377.445 3377.445 87.88551 87.88551 87.88551 87.88551 87.88551 87.88551 87.88551 87.88551 304.9538 1386.27 2298.091 2995.657 2995.657 2995.657 3003.615 2264.084 2264.084 2264.084 2264.084 3036.683 3036.683
255.7563 255.7563 255.7563 92.08859 199.8126 199.8126 199.8126 199.8126 199.8126 199.8126 199.8126 148.5817 148.5817 148.5817 486.5191 486.5191 768.0884 835.6793 194.19 194.19 194.19 194.19 194.19 194.19 194.19 194.19 194.19 194.19 194.19 194.19 194.19 194.19 194.19 397.5879 397.5879 397.5879 0 0 0 2536.736 2536.736 2536.736 3140.587 4436.062 3716.908 3716.908 3716.908 87.88551 87.88551 87.88551 87.88551 87.88551 87.88551 87.88551 451.8337 695.7832 1386.27 3439.507 3439.507 3003.615 3003.615 2859.407 2835.195 2835.195 2835.195 2835.195 2835.195
