hd_km2_120_ascii_3.asc
ncols         452
nrows         378
xllcorner     -102.09492878559
yllcorner     33.379306963089
cellsize      0.0012140224170323
NODATA_value  -9999
[rows 300 to 329 of 378, columns 134 to 200 of 452]
0 0 0 0 0 0 0 0 2.736727 2.736727 2.736727 2.736727 2.736727 2.736727 2.736727 2.736727 2.736727 2.736727 2.736727 2.736727 2.736727 2.736727 2.736727 0 0 0 0 0 0 0 0 0 0 0 0 0 0 16.94369 16.94369 16.94369 16.94369 16.94369 16.94369 16.94369 16.94369 16.94369 16.94369 16.94369 16.94369 16.94369 16.94369 16.94369 3.110645 3.110645 3.110645 3.110645 3.110645 3.110645 3.110645 3.110645 3.110645 3.110645 3.110645 3.110645 3.110645 3.110645 322.5929
172.186 0 0 0 0 0 0 0 2.736727 2.736727 2.736727 2.736727 2.736727 2.736727 2.736727 2.736727 2.736727 2.736727 2.736727 2.736727 2.736727 2.736727 2.736727 0 0 0 0 0 0 0 0 0 0 0 0 0 0 16.94369 16.94369 16.94369 16.94369 16.94369 16.94369 16.94369 16.94369 16.94369 16.94369 16.94369 16.94369 16.94369 16.94369 16.94369 3.110645 3.110645 3.110645 3.110645 3.110645 3.110645 3.110645 3.110645 3.110645 3.110645 3.110645 3.110645 3.110645 3.110645 204.3804
172.186 172.186 0 0 0 0 0 0 2.736727 2.736727 2.736727 2.736727 2.736727 2.736727 2.736727 2.736727 2.736727 2.736727 2.736727 2.736727 2.736727 2.736727 2.736727 0 0 0 0 0 0 0 0 0 0 0 0 0 0 16.94369 16.94369 16.94369 16.94369 16.94369 16.94369 16.94369 16.94369 16.94369 16.94369 16.94369 16.94369 16.94369 16.94369 3.110645 3.110645 3.110645 3.110645 3.110645 3.110645 3.110645 3.110645 3.110645 3.110645 3.110645 3.110645 3.110645 3.110645 3.110645 204.3804
172.186 172.186 0 0 0 0 0 0 2.736727 2.736727 2.736727 2.736727 2.736727 2.736727 2.736727 2.736727 2.736727 2.736727 2.736727 2.736727 2.736727 2.736727 2.736727 0 0 0 0 0 0 0 0 0 0 0 0 0 0 16.94369 16.94369 16.94369 16.94369 16.94369 16.94369 16.94369 16.94369 16.94369 16.94369 16.94369 16.94369 16.94369 16.94369 3.110645 3.110645 3.110645 3.110645 3.110645 3.110645 3.110645 3.110645 3.110645 3.110645 3.110645 3.110645 3.110645 3.110645 3.110645 421.3987
0 0 0 0 0 0 0 0 2.736727 2.736727 2.736727 2.736727 2.736727 2.736727 2.736727 2.736727 2.736727 2.736727 2.736727 2.736727 2.736727 2.736727 2.736727 3.950179 3.950179 3.950179 3.950179 3.950179 3.950179 0 0 0 0 0 0 0 3.950179 16.94369 16.94369 16.94369 16.94369 16.94369 16.94369 16.94369 16.94369 16.94369 16.94369 16.94369 16.94369 16.94369 16.94369 3.110645 3.110645 3.110645 3.110645 3.110645 3.110645 3.110645 3.110645 3.110645 3.110645 3.110645 3.110645 3.110645 3.110645 3.110645 871.2627
0 0 0 0 0 0 0 0 2.736727 2.736727 2.736727 2.736727 2.736727 2.736727 2.736727 2.736727 2.736727 2.736727 2.736727 2.736727 2.736727 2.736727 2.736727 3.950179 3.950179 3.950179 3.950179 3.950179 3.950179 3.950179 3.950179 3.950179 3.950179 3.950179 3.950179 3.950179 3.950179 16.94369 16.94369 16.94369 16.94369 16.94369 16.94369 16.94369 16.94369 16.94369 16.94369 16.94369 16.94369 16.94369 16.94369 3.110645 3.110645 3.110645 3.110645 3.110645 3.110645 3.110645 3.110645 3.110645 3.110645 3.110645 3.110645 3.110645 3.110645 3.110645 871.2627
0 0 0 0 0 0 0 0 2.736727 2.736727 2.736727 2.736727 2.736727 2.736727 2.736727 2.736727 2.736727 2.736727 2.736727 2.736727 2.736727 2.736727 2.736727 3.950179 3.950179 3.950179 3.950179 3.950179 3.950179 3.950179 3.950179 3.950179 3.950179 3.950179 3.950179 3.950179 3.950179 16.94369 16.94369 16.94369 16.94369 16.94369 16.94369 16.94369 16.94369 16.94369 16.94369 16.94369 16.94369 16.94369 16.94369 3.110645 3.110645 3.110645 3.110645 3.110645 3.110645 3.110645 3.110645 3.110645 3.110645 3.110645 3.110645 3.110645 3.110645 3.110645 334.2426
0 0 0 0 0 0 0 0 2.736727 2.736727 2.736727 2.736727 2.736727 2.736727 2.736727 2.736727 2.736727 2.736727 2.736727 2.736727 2.736727 2.736727 3.950179 3.950179 3.950179 3.950179 3.950179 3.950179 3.950179 3.950179 3.950179 3.950179 3.950179 3.950179 3.950179 3.950179 3.950179 16.94369 16.94369 16.94369 16.94369 16.94369 16.94369 16.94369 16.94369 16.94369 16.94369 16.94369 16.94369 16.94369 16.94369 3.110645 3.110645 3.110645 3.110645 3.110645 3.110645 3.110645 3.110645 3.110645 3.110645 3.110645 3.110645 3.110645 3.110645 3.110645 148.4496
0 0 0 0 0 0 0 0 2.736727 2.736727 2.736727 2.736727 2.736727 2.736727 2.736727 2.736727 2.736727 2.736727 2.736727 2.736727 2.736727 2.736727 3.950179 3.950179 3.950179 3.950179 3.950179 3.950179 3.950179 3.950179 3.950179 3.950179 3.950179 3.950179 3.950179 3.950179 3.950179 16.94369 16.94369 16.94369 16.94369 16.94369 16.94369 16.94369 16.94369 16.94369 16.94369 16.94369 16.94369 16.94369 16.94369 3.110645 3.110645 3.110645 3.110645 3.110645 3.110645 3.110645 3.110645 3.110645 3.110645 3.110645 3.110645 3.110645 3.110645 3.110645 148.4496
0 0 0 0 0 0 0 0 0 2.736727 2.736727 2.736727 2.736727 2.736727 2.736727 2.736727 2.736727 2.736727 2.736727 2.736727 2.736727 2.736727 3.950179 3.950179 3.950179 3.950179 3.950179 3.950179 3.950179 3.950179 3.950179 3.950179 3.950179 3.950179 3.950179 3.950179 3.950179 16.94369 16.94369 16.94369 16.94369 16.94369 16.94369 16.94369 16.94369 16.94369 16.94369 16.94369 16.94369 16.94369 16.94369 3.110645 3.110645 3.110645 3.110645 3.110645 3.110645 3.110645 3.110645 3.110645 3.110645 3.110645 3.110645 3.110645 3.110645 3.110645 148.4496
247.4257 247.4257 247.4257 247.4257 0 0 0 0 247.4257 56.09988 56.09988 56.09988 56.09988 56.09988 56.09988 56.09988 56.09988 56.09988 56.09988 56.09988 56.09988 56.09988 40.66925 40.66925 40.66925 40.66925 40.66925 40.66925 40.66925 40.66925 180.2448 180.2448 180.2448 607.8337 607.8337 411.326 411.326 230.8587 230.8587 230.8587 230.8587 230.8587 346.6401 346.6401 16.94369 43.99434 43.99434 43.99434 43.99434 43.99434 43.99434 7.784347 7.784347 7.784347 7.784347 7.784347 7.784347 7.784347 7.784347 7.784347 7.784347 7.784347 7.784347 7.784347 7.784347 7.784347 7.636476
247.4257 247.4257 247.4257 247.4257 247.4257 247.4257 247.4257 247.4257 247.4257 56.09988 56.09988 56.09988 56.09988 56.09988 56.09988 56.09988 56.09988 56.09988 56.09988 56.09988 56.09988 56.09988 40.66925 40.66925 40.66925 40.66925 40.66925 40.66925 40.66925 40.66925 180.2448 180.2448 180.2448 607.8337 607.8337 411.326 411.326 230.8587 230.8587 230.8587 230.8587 230.8587 346.6401 346.6401 346.6401 43.99434 43.99434 43.99434 43.99434 43.99434 43.99434 7.784347 7.784347 7.784347 7.784347 7.784347 7.784347 7.784347 7.784347 7.784347 7.784347 7.784347 7.784347 7.784347 7.784347 7.636476 7.636476
247.4257 247.4257 247.4257 247.4257 247.4257 247.4257 247.4257 247.4257 247.4257 56.09988 56.09988 56.09988 56.09988 56.09988 56.09988 56.09988 56.09988 56.09988 56.09988 56.09988 56.09988 56.09988 40.66925 40.66925 40.66925 40.66925 40.66925 40.66925 40.66925 40.66925 151.8451 151.8451 151.8451 582.9109 582.9109 533.8366 533.8366 230.8587 230.8587 230.8587 230.8587 399.1392 399.1392 399.1392 43.99434 43.99434 43.99434 43.99434 43.99434 43.99434 43.99434 7.784347 7.784347 7.784347 7.784347 7.784347 7.784347 7.784347 7.784347 7.784347 7.784347 7.784347 7.784347 7.784347 7.784347 7.636476 7.636476
247.4257 247.4257 247.4257 247.4257 247.4257 247.4257 247.4257 247.4257 247.4257 56.09988 56.09988 56.09988 56.09988 56.09988 56.09988 56.09988 56.09988 56.09988 56.09988 56.09988 56.09988 56.09988 40.66925 40.66925 40.66925 40.66925 40.66925 40.66925 40.66925 40.66925 183.2838 183.2838 503.9883 503.9883 503.9883 140.7851 140.7851 399.1392 399.1392 399.1392 399.1392 399.1392 399.1392 399.1392 43.99434 43.99434 43.99434 43.99434 43.99434 43.99434 43.99434 7.784347 7.784347 7.784347 7.784347 7.784347 7.784347 7.784347 7.784347 7.784347 7.784347 7.784347 7.784347 7.784347 7.784347 7.636476 7.636476
247.4257 247.4257 247.4257 247.4257 247.4257 247.4257 247.4257 247.4257 247.4257 56.09988 56.09988 56.09988 56.09988 56.09988 56.09988 56.09988 56.09988 56.09988 56.09988 56.09988 56.09988 56.09988 56.09988 40.66925 40.66925 40.66925 40.66925 40.66925 40.66925 40.66925 305.6681 305.6681 635.0024 635.0024 635.0024 419.2601 419.2601 399.1392 399.1392 399.1392 399.1392 399.1392 399.1392 399.1392 43.99434 43.99434 43.99434 43.99434 43.99434 43.99434 43.99434 7.784347 7.784347 7.784347 7.784347 7.784347 7.784347 7.784347 7.784347 7.784347 7.784347 7.784347 7.784347 7.784347 7.784347 7.636476 7.636476
247.4257 247.4257 247.4257 247.4257 247.4257 247.4257 247.4257 247.4257 247.4257 56.09988 56.09988 56.09988 56.09988 56.09988 56.09988 56.09988 56.09988 56.09988 56.09988 56.09988 56.09988 56.09988 56.09988 40.66925 40.66925 40.66925 40.66925 40.66925 40.66925 40.66925 305.6681 305.6681 635.0024 635.0024 635.0024 419.2601 419.2601 399.1392 399.1392 399.1392 308.778 308.778 399.1392 399.1392 43.99434 43.99434 43.99434 43.99434 43.99434 43.99434 43.99434 7.784347 7.784347 7.784347 7.784347 7.784347 7.784347 7.784347 7.784347 7.784347 7.784347 7.784347 7.784347 7.784347 7.784347 7.636476 7.636476
0 247.4257 540.9812 247.4257 247.4257 247.4257 247.4257 247.4257 247.4257 56.09988 56.09988 56.09988 56.09988 56.09988 56.09988 56.09988 56.09988 56.09988 56.09988 56.09988 56.09988 56.09988 56.09988 40.66925 40.66925 40.66925 40.66925 40.66925 40.66925 40.66925 542.9216 542.9216 517.9789 517.9789 429.9925 429.9925 429.9925 43.99434 43.99434 43.99434 308.778 308.778 308.778 134.451 43.99434 43.99434 43.99434 43.99434 43.99434 43.99434 43.99434 7.784347 7.784347 7.784347 7.784347 7.784347 7.784347 7.784347 7.784347 7.784347 7.784347 7.784347 7.784347 7.784347 7.784347 7.636476 7.636476
0 540.9812 540.9812 638.0587 638.0587 638.0587 638.0587 246.0473 246.0473 56.09988 56.09988 56.09988 56.09988 56.09988 56.09988 56.09988 56.09988 56.09988 56.09988 56.09988 56.09988 56.09988 56.09988 40.66925 40.66925 40.66925 40.66925 40.66925 40.66925 40.66925 542.9216 542.9216 657.6345 657.6345 657.6345 429.9925 429.9925 43.99434 43.99434 252.4757 252.4757 252.4757 252.4757 134.451 43.99434 43.99434 43.99434 43.99434 43.99434 43.99434 43.99434 7.784347 7.784347 7.784347 7.784347 7.784347 7.784347 7.784347 7.784347 7.784347 7.784347 7.784347 7.784347 7.784347 7.784347 7.636476 7.636476
462.8942 540.9812 540.9812 540.9812 686.7029 686.7029 686.7029 246.0473 246.0473 56.09988 56.09988 56.09988 56.09988 56.09988 56.09988 56.09988 56.09988 56.09988 56.09988 56.09988 56.09988 56.09988 56.09988 40.66925 40.66925 40.66925 40.66925 40.66925 40.66925 40.66925 542.9216 542.9216 657.6345 657.6345 657.6345 429.9925 429.9925 429.9925 43.99434 252.4757 252.4757 252.4757 252.4757 252.4757 43.99434 43.99434 43.99434 43.99434 43.99434 43.99434 43.99434 7.784347 7.784347 7.784347 7.784347 7.784347 7.784347 7.784347 7.784347 7.784347 7.784347 7.784347 7.784347 7.784347 7.784347 7.636476 7.636476
462.8942 540.9812 642.3286 642.3286 642.3286 642.3286 246.0473 246.0473 246.0473 56.09988 56.09988 56.09988 56.09988 56.09988 56.09988 56.09988 56.09988 56.09988 56.09988 56.09988 56.09988 56.09988 56.09988 40.66925 40.66925 40.66925 40.66925 40.66925 40.66925 40.66925 174.8431 174.8431 174.8431 174.8431 174.8431 174.8431 174.8431 174.8431 43.99434 43.99434 43.99434 43.99434 43.99434 43.99434 43.99434 43.99434 43.99434 43.99434 43.99434 43.99434 43.99434 7.784347 7.784347 7.784347 7.784347 7.784347 7.784347 7.784347 7.784347 7.784347 7.784347 7.784347 7.784347 7.784347 7.784347 7.636476 7.636476
384.7933 473.9843 473.9843 473.9843 473.9843 473.9843 246.0473 246.0473 246.0473 56.09988 56.09988 56.09988 56.09988 56.09988 56.09988 56.09988 56.09988 56.09988 56.09988 56.09988 56.09988 56.09988 56.09988 40.66925 40.66925 40.66925 40.66925 40.66925 40.66925 40.66925 174.8431 174.8431 174.8431 174.8431 174.8431 174.8431 174.8431 174.8431 43.99434 43.99434 43.99434 43.99434 43.99434 43.99434 43.99434 43.99434 43.99434 43.99434 43.99434 43.99434 43.99434 7.784347 7.784347 7.784347 7.784347 7.784347 7.784347 7.784347 7.784347 7.784347 7.784347 7.784347 7.784347 7.784347 7.784347 7.636476 7.636476
384.7933 473.9843 473.9843 473.9843 473.9843 473.9843 246.0473 246.0473 56.09988 56.09988 56.09988 56.09988 56.09988 56.09988 56.09988 56.09988 56.09988 56.09988 56.09988 56.09988 56.09988 56.09988 56.09988 40.66925 40.66925 40.66925 40.66925 40.66925 40.66925 40.66925 174.8431 174.8431 174.8431 174.8431 174.8431 174.8431 174.8431 43.99434 43.99434 43.99434 43.99434 43.99434 43.99434 43.99434 43.99434 43.99434 43.99434 43.99434 43.99434 43.99434 43.99434 7.784347 7.784347 7.784347 7.784347 7.784347 7.784347 7.784347 7.784347 7.784347 7.784347 7.784347 7.784347 7.784347 7.784347 7.636476 7.636476
157.5047 157.5047 157.5047 157.5047 157.5047 157.5047 157.5047 157.5047 38.14958 38.14958 38.14958 38.14958 38.14958 38.14958 38.14958 38.14958 38.14958 38.14958 38.14958 38.14958 38.14958 38.14958 38.14958 38.14958 38.14958 40.66925 9.304747 9.304747 9.304747 9.304747 9.304747 91.953 91.953 91.953 91.953 91.953 91.953 100.6581 100.6581 100.6581 100.6581 100.6581 154.4674 154.4674 154.4674 154.4674 154.4674 154.4674 154.4674 674.9749 674.9749 215.504 215.504 215.504 215.504 215.504 215.504 142.6075 142.6075 142.6075 142.6075 142.6075 142.6075 142.6075 142.6075 142.6075 142.6075
157.5047 157.5047 157.5047 157.5047 157.5047 157.5047 157.5047 38.14958 38.14958 38.14958 38.14958 38.14958 38.14958 38.14958 38.14958 38.14958 38.14958 38.14958 38.14958 38.14958 38.14958 38.14958 38.14958 38.14958 38.14958 38.14958 9.304747 9.304747 9.304747 9.304747 9.304747 91.953 91.953 91.953 91.953 91.953 91.953 100.6581 100.6581 100.6581 100.6581 100.6581 154.4674 154.4674 154.4674 154.4674 154.4674 154.4674 154.4674 674.9749 674.9749 674.9749 215.504 215.504 215.504 215.504 215.504 142.6075 142.6075 142.6075 142.6075 142.6075 142.6075 142.6075 142.6075 142.6075 142.6075
157.5047 157.5047 157.5047 157.5047 157.5047 157.5047 38.14958 38.14958 38.14958 38.14958 38.14958 38.14958 38.14958 38.14958 38.14958 38.14958 38.14958 38.14958 38.14958 38.14958 38.14958 38.14958 38.14958 38.14958 38.14958 38.14958 9.304747 9.304747 9.304747 9.304747 9.304747 91.953 91.953 91.953 91.953 91.953 335.0487 100.6581 100.6581 335.0487 100.6581 100.6581 154.4674 154.4674 154.4674 154.4674 154.4674 154.4674 154.4674 674.9749 674.9749 674.9749 437.6569 437.6569 437.6569 437.6569 437.6569 142.6075 142.6075 142.6075 142.6075 142.6075 142.6075 142.6075 142.6075 142.6075 142.6075
157.5047 157.5047 157.5047 157.5047 157.5047 38.14958 38.14958 38.14958 38.14958 9.304747 9.304747 9.304747 9.304747 9.304747 9.304747 9.304747 9.304747 9.304747 9.304747 9.304747 9.304747 9.304747 9.304747 9.304747 9.304747 9.304747 9.304747 9.304747 9.304747 9.304747 9.304747 91.953 91.953 91.953 100.6581 335.0487 335.0487 335.0487 335.0487 335.0487 335.0487 100.6581 154.4674 154.4674 154.4674 154.4674 154.4674 154.4674 154.4674 674.9749 674.9749 674.9749 904.3374 904.3374 904.3374 904.3374 904.3374 142.6075 142.6075 142.6075 142.6075 142.6075 142.6075 142.6075 142.6075 142.6075 142.6075
125.7665 125.7665 125.7665 78.84177 38.14958 38.14958 38.14958 38.14958 38.14958 9.304747 9.304747 9.304747 9.304747 9.304747 9.304747 9.304747 9.304747 9.304747 9.304747 9.304747 9.304747 9.304747 9.304747 9.304747 9.304747 9.304747 9.304747 9.304747 9.304747 9.304747 9.304747 91.953 100.6581 100.6581 100.6581 335.0487 335.0487 335.0487 335.0487 335.0487 335.0487 100.6581 154.4674 154.4674 154.4674 154.4674 154.4674 154.4674 154.4674 307.3932 307.3932 307.3932 582.1296 582.1296 582.1296 582.1296 142.6075 142.6075 142.6075 142.6075 142.6075 142.6075 142.6075 142.6075 142.6075 142.6075 142.6075
308.8625 308.8625 308.8625 38.14958 38.14958 38.14958 38.14958 38.14958 38.14958 9.304747 9.304747 9.304747 9.304747 9.304747 9.304747 9.304747 9.304747 9.304747 9.304747 9.304747 9.304747 9.304747 9.304747 9.304747 9.304747 9.304747 9.304747 9.304747 9.304747 9.304747 9.304747 100.6581 100.6581 100.6581 100.6581 100.6581 100.6581 100.6581 100.6581 100.6581 100.6581 100.6581 154.4674 154.4674 154.4674 154.4674 154.4674 154.4674 154.4674 154.4674 307.3932 307.3932 307.3932 582.1296 582.1296 582.1296 142.6075 142.6075 142.6075 142.6075 142.6075 142.6075 142.6075 142.6075 142.6075 142.6075 142.6075
308.8625 6.172509 6.172509 38.14958 38.14958 38.14958 38.14958 38.14958 38.14958 9.304747 9.304747 9.304747 9.304747 9.304747 9.304747 9.304747 9.304747 9.304747 9.304747 9.304747 9.304747 9.304747 9.304747 9.304747 9.304747 9.304747 9.304747 9.304747 9.304747 9.304747 9.304747 100.6581 100.6581 100.6581 100.6581 100.6581 100.6581 100.6581 100.6581 100.6581 100.6581 100.6581 154.4674 154.4674 154.4674 154.4674 154.4674 154.4674 154.4674 154.4674 307.3932 307.3932 307.3932 582.1296 582.1296 582.1296 142.6075 142.6075 142.6075 142.6075 142.6075 142.6075 142.6075 142.6075 142.6075 142.6075 142.6075
6.172509 6.172509 6.172509 38.14958 38.14958 38.14958 38.14958 38.14958 38.14958 9.304747 9.304747 9.304747 9.304747 9.304747 9.304747 9.304747 9.304747 9.304747 9.304747 9.304747 9.304747 9.304747 9.304747 9.304747 9.304747 9.304747 9.304747 9.304747 9.304747 9.304747 9.304747 9.304747 100.6581 100.6581 100.6581 100.6581 100.6581 100.6581 100.6581 100.6581 100.6581 100.6581 154.4674 154.4674 154.4674 154.4674 154.4674 154.4674 154.4674 154.4674 388.0316 388.0316 388.0316 378.6221 378.6221 378.6221 142.6075 142.6075 142.6075 142.6075 142.6075 142.6075 142.6075 142.6075 142.6075 142.6075 142.6075
