hd_km2_120_ascii_3.asc
ncols         452
nrows         378
xllcorner     -102.09492878559
yllcorner     33.379306963089
cellsize      0.0012140224170323
NODATA_value  -9999
[rows 180 to 209 of 378, columns 201 to 267 of 452]
0 0 0 0 522.8651 217.3102 217.3102 0 0 70.28652 70.28652 154.3931 154.3931 1238.49 1238.49 1755.326 1972.535 1972.535 518.4118 518.4118 2276.569 1948.233 1948.233 2246.395 2246.395 2246.395 1973.758 38.34401 38.34401 38.34401 38.34401 38.34401 38.34401 38.34401 38.34401 38.34401 38.34401 38.34401 0 0 0 0 2.715411 2.715411 2.715411 2.715411 2.715411 2.715411 2.715411 2.715411 2.715411 2.715411 2.715411 2.715411 2.715411 13.47568 13.47568 13.47568 13.47568 13.47568 13.47568 13.47568 13.47568 13.47568 13.47568 1633.172 232.1075
0 0 0 0 0 0 217.3102 217.3102 0 0 70.28652 0 0 0 0 0 0 0 0 0 2114.47 0 1946.099 194.0655 194.0655 194.0655 1656.109 38.34401 38.34401 38.34401 38.34401 38.34401 38.34401 38.34401 38.34401 38.34401 0 0 0 0 0 0 2.715411 2.715411 2.715411 2.715411 2.715411 2.715411 2.715411 2.715411 2.715411 2.715411 2.715411 2.715411 2.715411 13.47568 13.47568 13.47568 13.47568 13.47568 13.47568 13.47568 13.47568 13.47568 13.47568 13.47568 13.47568
0 0 0 0 20.75624 0 13.32955 13.32955 13.32955 13.32955 13.32955 13.32955 0 0 0 0 0 0 0 0 0 0 0 0 0 0 0 38.34401 38.34401 38.34401 38.34401 38.34401 38.34401 38.34401 0 0 0 0 0 0 0 0 2.715411 2.715411 2.715411 2.715411 2.715411 2.715411 2.715411 2.715411 2.715411 2.715411 2.715411 2.715411 2.715411 13.47568 13.47568 13.47568 13.47568 13.47568 13.47568 13.47568 13.47568 13.47568 13.47568 13.47568 16.39572
20.75624 20.75624 20.75624 20.75624 0 13.32955 13.32955 13.32955 13.32955 13.32955 13.32955 13.32955 13.32955 0 0 0 0 0 0 0 0 0 0 0 0 0 0 0 0 0 38.34401 0 0 0 0 0 0 0 0 0 0 0 2.715411 2.715411 2.715411 2.715411 2.715411 2.715411 2.715411 2.715411 2.715411 2.715411 2.715411 2.715411 2.715411 2.715411 13.47568 13.47568 13.47568 13.47568 13.47568 13.47568 13.47568 13.47568 13.47568 16.39572 16.39572
20.75624 20.75624 20.75624 0 0 13.32955 13.32955 13.32955 13.32955 13.32955 13.32955 13.32955 13.32955 0 0 0 0 0 0 0 0 0 0 0 0 0 0 0 0 63.94711 0 0 0 63.94711 0 0 0 0 0 0 0 0 2.715411 2.715411 2.715411 2.715411 2.715411 2.715411 2.715411 2.715411 2.715411 2.715411 2.715411 2.715411 2.715411 2.715411 13.47568 13.47568 13.47568 13.47568 13.47568 13.47568 13.47568 13.47568 1017.906 16.39572 16.39572
20.75624 20.75624 20.75624 0 13.32955 13.32955 13.32955 13.32955 13.32955 13.32955 13.32955 13.32955 13.32955 423.5667 0 0 0 0 0 0 0 0 0 0 0 0 0 63.94711 63.94711 63.94711 63.94711 63.94711 63.94711 63.94711 63.94711 63.94711 0 0 0 0 0 0 2.715411 2.715411 2.715411 2.715411 2.715411 2.715411 2.715411 2.715411 2.715411 2.715411 2.715411 2.715411 2.715411 2.715411 13.47568 13.47568 13.47568 13.47568 13.47568 13.47568 16.39572 1017.906 1017.906 1017.906 16.39572
875.1016 875.1016 0 0 13.32955 13.32955 13.32955 13.32955 13.32955 13.32955 13.32955 13.32955 377.7326 377.7326 0 0 0 0 0 0 0 0 0 0 479.4402 144.6753 144.6753 63.94711 63.94711 63.94711 63.94711 63.94711 63.94711 63.94711 63.94711 63.94711 63.94711 0 0 0 0 0 2.715411 2.715411 2.715411 2.715411 2.715411 2.715411 2.715411 2.715411 2.715411 2.715411 2.715411 2.715411 2.715411 2.715411 13.47568 13.47568 13.47568 13.47568 13.47568 16.39572 16.39572 16.39572 16.39572 16.39572 16.39572
0 0 0 0 0 13.32955 13.32955 13.32955 13.32955 13.32955 13.32955 13.32955 0 0 0 0 0 0 0 1927.25 479.4402 479.4402 479.4402 479.4402 479.4402 144.6753 144.6753 63.94711 63.94711 63.94711 63.94711 63.94711 63.94711 63.94711 63.94711 63.94711 63.94711 63.94711 63.94711 63.94711 0 0 2.715411 2.715411 2.715411 2.715411 2.715411 2.715411 2.715411 2.715411 2.715411 2.715411 2.715411 2.715411 2.715411 2.715411 13.47568 13.47568 13.47568 16.39572 16.39572 16.39572 16.39572 16.39572 16.39572 16.39572 16.39572
756.3141 756.3141 0 0 0 13.32955 13.32955 13.32955 13.32955 13.32955 13.32955 13.32955 0 0 0 0 0 1585.887 1585.887 1927.25 1927.25 1747.312 479.4402 0 0 0 0 63.94711 63.94711 63.94711 63.94711 63.94711 63.94711 63.94711 63.94711 63.94711 63.94711 63.94711 63.94711 63.94711 63.94711 2.715411 2.715411 2.715411 2.715411 2.715411 2.715411 2.715411 2.715411 2.715411 2.715411 2.715411 2.715411 2.715411 2.715411 2.715411 13.47568 13.47568 16.39572 16.39572 16.39572 16.39572 16.39572 16.39572 16.39572 16.39572 16.39572
0 506.4166 506.4166 506.4166 0 0 13.32955 13.32955 13.32955 0 0 0 0 0 0 217.6681 713.0571 217.6681 924.9651 217.6681 217.6681 217.6681 0 0 0 0 0 63.94711 63.94711 63.94711 63.94711 63.94711 63.94711 63.94711 63.94711 63.94711 63.94711 63.94711 63.94711 63.94711 63.94711 63.94711 2.715411 2.715411 2.715411 2.715411 2.715411 2.715411 2.715411 2.715411 2.715411 2.715411 2.715411 2.715411 2.715411 2.715411 13.47568 16.39572 16.39572 16.39572 16.39572 16.39572 16.39572 16.39572 16.39572 16.39572 16.39572
0 0 150.7971 150.7971 0 0 0 0 0 0 0 0 0 0 217.6681 217.6681 217.6681 217.6681 217.6681 217.6681 217.6681 217.6681 217.6681 0 0 0 0 63.94711 63.94711 63.94711 63.94711 63.94711 63.94711 63.94711 63.94711 63.94711 63.94711 63.94711 63.94711 63.94711 63.94711 63.94711 0 2.715411 13.15208 13.15208 13.15208 13.15208 13.15208 13.15208 13.15208 13.15208 13.15208 847.4962 847.4962 0 240.957 33.05812 33.05812 33.05812 33.05812 33.05812 33.05812 33.05812 33.05812 33.05812 33.05812
0 0 0 0 0 0 0 0 0 0 0 0 0 217.6681 217.6681 217.6681 217.6681 217.6681 217.6681 217.6681 217.6681 217.6681 217.6681 217.6681 0 0 0 1725.593 1725.593 1725.593 1725.593 1725.593 1725.593 1725.593 264.0258 264.0258 264.0258 264.0258 264.0258 264.0258 264.0258 386.8735 386.8735 386.8735 0 13.15208 13.15208 13.15208 13.15208 13.15208 13.15208 13.15208 13.15208 722.1466 0 183.3525 0 33.05812 33.05812 33.05812 33.05812 33.05812 33.05812 33.05812 33.05812 33.05812 33.05812
0 0 0 0 0 0 0 0 0 0 0 0 217.6681 217.6681 217.6681 217.6681 217.6681 217.6681 217.6681 217.6681 217.6681 217.6681 217.6681 217.6681 0 0 0 1725.593 1725.593 1725.593 1725.593 1725.593 1725.593 1725.593 264.0258 264.0258 264.0258 264.0258 264.0258 264.0258 264.0258 386.8735 386.8735 386.8735 386.8735 0 13.15208 13.15208 13.15208 13.15208 13.15208 13.15208 13.15208 0 183.3525 183.3525 33.05812 33.05812 33.05812 33.05812 33.05812 33.05812 33.05812 33.05812 33.05812 33.05812 33.05812
0 0 0 0 0 0 0 0 0 0 0 0 217.6681 217.6681 217.6681 217.6681 217.6681 217.6681 217.6681 217.6681 217.6681 217.6681 217.6681 217.6681 217.6681 0 0 1725.593 1725.593 3089.71 1725.593 1924.896 1924.896 1924.896 1924.896 3798.127 3798.127 3798.127 264.0258 264.0258 264.0258 3018.349 3018.349 3018.349 3018.349 936.5858 13.15208 13.15208 13.15208 13.15208 13.15208 13.15208 432.9945 432.9945 183.3525 183.3525 33.05812 33.05812 33.05812 33.05812 33.05812 33.05812 33.05812 33.05812 33.05812 33.05812 33.05812
0 0 0 0 0 0 0 0 0 0 0 217.6681 217.6681 217.6681 217.6681 217.6681 217.6681 217.6681 217.6681 217.6681 217.6681 217.6681 217.6681 217.6681 217.6681 217.6681 217.6681 2015.144 2015.144 2015.144 2571.676 3072.324 3072.324 3072.324 3072.324 2670.085 2670.085 2670.085 3009.688 3009.688 2652.687 3295.904 3295.904 3295.904 3295.904 936.5858 936.5858 0 13.15208 13.15208 13.15208 0 0 551.027 511.9371 511.9371 33.05812 33.05812 33.05812 33.05812 33.05812 33.05812 33.05812 33.05812 33.05812 33.05812 33.05812
0 0 0 0 0 0 0 0 0 0 0 217.6681 0 217.6681 217.6681 217.6681 217.6681 217.6681 217.6681 217.6681 217.6681 217.6681 217.6681 217.6681 217.6681 217.6681 217.6681 2015.144 2965.966 2965.966 2965.966 3379.963 3379.963 3379.963 3379.963 2359.024 2359.024 2359.024 2652.687 2652.687 2652.687 936.5858 936.5858 2906.602 2906.602 936.5858 936.5858 936.5858 0 0 0 218.0361 1213.194 1213.194 1032.448 1032.448 33.05812 33.05812 33.05812 33.05812 33.05812 33.05812 33.05812 33.05812 33.05812 33.05812 33.05812
1969.913 2364.195 1263.811 0 0 0 0 0 0 0 0 217.6681 217.6681 217.6681 217.6681 217.6681 217.6681 217.6681 217.6681 217.6681 217.6681 217.6681 217.6681 217.6681 217.6681 217.6681 217.6681 3078.23 3078.23 2566.133 2566.133 2566.133 2900.905 2900.905 2900.905 2968.991 2968.991 3164.81 1188.971 3304.927 3304.927 936.5858 936.5858 936.5858 936.5858 936.5858 936.5858 0 0 0 0 0 886.1025 886.1025 38.55003 38.55003 252.2112 252.2112 252.2112 252.2112 252.2112 252.2112 252.2112 33.05812 33.05812 33.05812 33.05812
1969.913 2364.195 990.2109 0 0 0 0 0 0 0 217.6681 217.6681 217.6681 217.6681 217.6681 217.6681 217.6681 217.6681 217.6681 217.6681 217.6681 217.6681 217.6681 217.6681 217.6681 217.6681 217.6681 3078.23 3078.23 2900.905 2900.905 2900.905 2900.905 2971.564 3164.81 3164.81 3164.81 3164.81 1188.971 0 493.2981 936.5858 936.5858 936.5858 936.5858 936.5858 0 0 0 0 0 0 52.01038 52.01038 628.0182 628.0182 226.2076 226.2076 226.2076 296.6721 296.6721 296.6721 296.6721 33.05812 33.05812 33.05812 33.05812
1534.222 1255.312 1505.239 0 0 0 0 0 0 0 0 0 0 217.6681 217.6681 217.6681 217.6681 217.6681 217.6681 217.6681 217.6681 217.6681 217.6681 217.6681 217.6681 217.6681 217.6681 3424.984 3424.984 2971.564 2971.564 2971.564 2971.564 2251.502 2251.502 892.1647 892.1647 0 429.232 0 0 87.51638 87.51638 87.51638 87.51638 0 0 0 0 0 0 0 52.01038 52.01038 628.0182 628.0182 1066.895 1066.895 1066.895 985.0438 985.0438 985.0438 33.05812 33.05812 33.05812 33.05812 33.05812
1534.222 1505.239 2041.713 2507.243 2464.842 2464.842 0 0 0 0 0 0 0 217.6681 217.6681 217.6681 217.6681 217.6681 217.6681 217.6681 217.6681 217.6681 217.6681 217.6681 217.6681 217.6681 217.6681 1481.612 1481.612 1660.271 1660.271 1660.271 2251.502 0 0 892.1647 892.1647 0 486.2864 0 572.3647 87.51638 87.51638 87.51638 0 0 0 0 0 0 0 0 0 0 0 0 840.9753 301.7144 301.7144 438.0781 33.05812 33.05812 33.05812 33.05812 33.05812 33.05812 33.05812
0 0 2041.713 0 1630.354 0 0 0 0 0 0 0 0 217.6681 217.6681 217.6681 217.6681 217.6681 217.6681 217.6681 217.6681 217.6681 217.6681 217.6681 217.6681 217.6681 217.6681 1481.612 1481.612 1660.271 1660.271 1660.271 0 0 0 673.4795 673.4795 3563.049 2623.185 2458.978 0 421.0588 87.51638 248.8348 248.8348 0 517.0771 517.0771 517.0771 412.5067 412.5067 1094.319 0 152.5365 502.6006 502.6006 840.9753 301.7144 301.7144 438.0781 33.05812 33.05812 33.05812 33.05812 33.05812 33.05812 33.05812
0 0 0 0 0 0 806.5195 0 0 0 17.21255 17.21255 0 217.6681 217.6681 217.6681 217.6681 217.6681 217.6681 217.6681 217.6681 217.6681 217.6681 217.6681 217.6681 217.6681 217.6681 1481.612 1481.612 2197.812 2197.812 2197.812 2197.812 0 673.4795 673.4795 673.4795 3563.049 2623.185 2811.738 0 421.0588 47.4861 752.6745 752.6745 315.6107 315.6107 315.6107 315.6107 1310.205 205.8803 427.4568 0 621.8889 524.7112 524.7112 2673.935 301.7144 301.7144 438.0781 33.05812 33.05812 33.05812 33.05812 33.05812 33.05812 33.05812
0 0 0 0 0 0 973.2172 0 0 0 17.21255 17.21255 17.21255 17.21255 217.6681 217.6681 217.6681 217.6681 217.6681 217.6681 217.6681 217.6681 217.6681 217.6681 217.6681 0 0 0 509.0914 3074.547 3074.547 509.0914 1741.708 1201.074 63.32858 673.4795 137.6434 137.6434 137.6434 56.34081 56.34081 38.59568 38.59568 38.59568 38.59568 38.59568 38.59568 38.59568 38.59568 38.59568 38.59568 38.59568 0 0 0 0 0.7911984 0.7911984 301.7144 438.0781 33.05812 33.05812 33.05812 33.05812 33.05812 0.7911984 0.7911984
0 0 0 0 0 0 0 0 0 0 0 17.21255 17.21255 17.21255 17.21255 17.21255 17.21255 17.21255 217.6681 217.6681 217.6681 0 0 0 0 0 0 509.0914 509.0914 509.0914 509.0914 509.0914 1741.708 905.9095 319.8523 319.8523 283.1187 283.1187 283.1187 465.649 38.59568 38.59568 38.59568 38.59568 38.59568 38.59568 38.59568 38.59568 38.59568 38.59568 38.59568 38.59568 0 0 0 0 0.7911984 0.7911984 0.7911984 0.7911984 0.7911984 0.7911984 0.7911984 0.7911984 0.7911984 0.7911984 0.7911984
0 0 0 0 0 0 0 0 0 0 0 0 0 0 0 0 0 0 0 0 0 0 0 0 0 1845.971 1845.971 509.0914 509.0914 509.0914 509.0914 977.7997 977.7997 2075.994 2009.1 2009.1 283.1187 283.1187 825.7742 327.2169 327.2169 38.59568 38.59568 38.59568 38.59568 38.59568 38.59568 38.59568 38.59568 38.59568 38.59568 38.59568 0 0 0 0 0.7911984 0.7911984 0.7911984 0.7911984 0.7911984 0.7911984 0.7911984 0.7911984 0.7911984 0.7911984 0.7911984
0 0 0 0 0 0 0 0 0 0 0 0 0 0 0 0 0 0 0 0 0 0 0 0 0 1384.223 1384.223 0 0 509.0914 0 1284.133 1284.133 2075.994 2009.1 2009.1 938.7581 938.7581 825.7742 110.1161 327.2169 38.59568 38.59568 38.59568 38.59568 38.59568 38.59568 38.59568 38.59568 38.59568 38.59568 38.59568 0 0 0 0 0.7911984 0.7911984 0.7911984 0.7911984 0.7911984 0.7911984 0.7911984 0.7911984 0.7911984 0.7911984 0.7911984
0 0 0 0 0 0 0 0 0 0 0 0 0 0 0 0 0 0 0 0 0 0 0 0 0 2043.561 2043.561 0 0 0 0 3700.233 1380.717 2147.501 1938.336 1938.336 455.2833 455.2833 110.1161 110.1161 0 38.59568 38.59568 38.59568 38.59568 38.59568 38.59568 38.59568 38.59568 38.59568 38.59568 38.59568 0 0 0 0.7911984 0.7911984 0.7911984 0.7911984 0.7911984 0.7911984 0.7911984 0.7911984 0.7911984 0.7911984 0.7911984 0.7911984
1928.825 3468.463 179.6338 0 0 0 0 0 0 0 0 0 0 0 0 0 0 0 0 0 0 0 0 0 0 0 0 0 0 0 0 0 0 218.5296 455.2833 455.2833 455.2833 110.1161 110.1161 331.3822 0 38.59568 38.59568 38.59568 38.59568 38.59568 38.59568 38.59568 38.59568 38.59568 38.59568 38.59568 0 0 0 0.7911984 0.7911984 0.7911984 0.7911984 0.7911984 0.7911984 0.7911984 0.7911984 0.7911984 0.7911984 0.7911984 0.7911984
0 1102.284 0 3624.623 0 57458.46 0 1178.988 0 0 0 0 0 0 0 0 0 0 0 0 0 0 0 0 0 0 0 0 0 0 0 0 0 218.5296 455.2833 455.2833 12.22022 12.22022 12.22022 12.22022 12.22022 1369.493 1369.493 1369.493 451.3851 859.2595 859.2595 0 38.59568 38.59568 38.59568 38.59568 0 0 0 0.7911984 0.7911984 0.7911984 0.7911984 0.7911984 0.7911984 0.7911984 0.7911984 0.7911984 0.7911984 0.7911984 0.7911984
0 0 0 0 0 0 86.79584 278.1944 0 0 0 0 0 0 0 0 0 0 0 0 0 0 0 0 0 993.5935 993.5935 0 239.278 0 0 1021.495 0 0 0 12.22022 12.22022 12.22022 12.22022 12.22022 12.22022 1420.174 1420.174 1420.174 986.9905 0 0 353.1255 353.1255 38.59568 38.59568 38.59568 0 0 0 0.7911984 0.7911984 0.7911984 0.7911984 0.7911984 0.7911984 0.7911984 0.7911984 0.7911984 0.7911984 0.7911984 0.7911984
